0.600143	0	0	0.502789	0.35107	0.438903	0.286892	0.473651	0.330919	0.0864702	0.122197	0.061483	0.673062	0.193753	0.0948411	0.654211	0.42966	0	0.240341	0.481849	0.569909	0	0.597598	0.162852	0.158581	0.0944292	0.190086	0.185062	0.432595	0.321148	
0.610859	0	0	0.476287	0.324009	0.436557	0.249543	0.464859	0.302906	0.057548	0.0724273	0.063177	0.659731	0.187056	0.0834016	0.649314	0.396276	0	0.230738	0.441482	0.567714	0	0.585895	0.129961	0.10789	0.0814842	0.160088	0.1558	0.439182	0.301123	
0.61702	0	0	0.448771	0.29487	0.43147	0.213312	0.452794	0.276048	0.0308701	0.0251973	0.0681004	0.641658	0.180207	0.0752815	0.637514	0.359209	0	0.219731	0.398077	0.562239	0	0.569786	0.0975888	0.0585809	0.0707867	0.132393	0.129111	0.441503	0.280953	
0.618521	0	0	0.420713	0.264151	0.423728	0.178821	0.437661	0.250805	0.00689281	0	0.076169	0.619153	0.173326	0.0706198	0.619012	0.319093	0	0.207507	0.352375	0.553579	0	0.549545	0.0662875	0.0114968	0.0625198	0.107476	0.105452	0.439517	0.260981	
0.615335	0	0	0.392592	0.232378	0.413463	0.14666	0.419719	0.227608	0	0	0.0872448	0.592601	0.166527	0.0694963	0.594125	0.276615	0	0.194276	0.305158	0.541881	0	0.52552	0.0365932	0	0.056825	0.0857623	0.0852277	0.433259	0.241551	
0.607518	0	0	0.364889	0.200095	0.400851	0.117377	0.399276	0.206855	0	0	0.101138	0.562457	0.159929	0.0719302	0.563278	0.2325	0	0.180263	0.257236	0.527345	0	0.498121	0.00901395	0	0.0537996	0.067624	0.0687836	0.422835	0.222993	
0.595204	0	0	0.33808	0.167854	0.386108	0.0914759	0.376681	0.1889	0	0	0.117612	0.529235	0.153645	0.0778798	0.527	0.187505	0	0.16571	0.209426	0.510221	0	0.467817	0	0	0.0534954	0.0533714	0.0564012	0.408425	0.205627	
0.578602	0	0	0.312621	0.136207	0.369486	0.0693982	0.352321	0.17405	0	0	0.136383	0.493505	0.14778	0.0872434	0.485911	0.142398	0	0.150865	0.162549	0.490802	0	0.435126	0	0	0.0559177	0.0432482	0.0482926	0.390274	0.189749	
0.557997	0	0	0.28895	0.105695	0.35127	0.0515221	0.326613	0.162561	0	0	0.157131	0.455878	0.142437	0.0998607	0.440715	0.0979524	0	0.135981	0.117405	0.469419	0	0.400609	0	0	0.061025	0.0374277	0.0445964	0.368694	0.17563	
0.533741	0	0	0.26747	0.0768397	0.33177	0.0381534	0.299997	0.154628	0	0	0.179501	0.416998	0.137706	0.115516	0.392183	0.0549276	0	0.121314	0.0747667	0.446438	0	0.364855	0	0	0.0687298	0.0360095	0.0453759	0.344053	0.163513	
0.50625	0	0	0.24855	0.0501359	0.311322	0.0295209	0.272927	0.150387	0	0	0.203111	0.377529	0.133669	0.133941	0.341148	0.0140601	0	0.107115	0.0353644	0.422253	0	0.328476	0	0	0.0789005	0.0390179	0.0506178	0.316773	0.153605	
0.475994	0	0	0.232513	0.0260401	0.290274	0.0257723	0.245868	0.149911	0	0	0.227555	0.338148	0.130393	0.154821	0.288482	0	0	0.0936257	0	0.397278	0	0.292095	0	0	0.0913629	0.0464013	0.0602323	0.287321	0.146074	
0.443491	0.0172647	0	0.219633	0.00496442	0.268987	0.0269717	0.219282	0.153207	0	0	0.252416	0.299528	0.127937	0.177798	0.235086	0	0	0.0810779	0	0.371939	0	0.256334	0	0	0.105904	0.0580334	0.074055	0.2562	0.141051	
0.409296	0.0452382	0	0.210132	0	0.247825	0.0330987	0.193623	0.16022	0	0	0.277269	0.262329	0.12634	0.20248	0.181874	0	0	0.0696861	0	0.346671	0	0.221806	0	0	0.122274	0.0737153	0.0918493	0.223944	0.138621	
0.373995	0.0753066	0.0069483	0.204171	0	0.227151	0.0440482	0.169332	0.17083	0	0	0.301688	0.22719	0.125632	0.228444	0.129756	0	0	0.0596452	0	0.321905	0	0.1891	0	0	0.140195	0.0931785	0.113311	0.191104	0.138825	
0.338192	0.106955	0.0461767	0.201852	0	0.207317	0.0596331	0.146824	0.184854	0.0169294	0	0.325255	0.194709	0.125823	0.255245	0.0796248	0	0	0.051127	0	0.298066	0	0.158777	0	0	0.159358	0.11609	0.138072	0.158242	0.14166	
0.3025	0.139643	0.0878101	0.203216	0	0.188664	0.0795867	0.126483	0.202053	0.0421308	0	0.347568	0.165444	0.126912	0.282426	0.0323371	0	0	0.0442772	0	0.275561	0	0.131355	0	0	0.179436	0.142058	0.16571	0.125921	0.147078	
0.267528	0.17281	0.131136	0.208238	0	0.17151	0.103567	0.108658	0.222133	0.0698402	0	0.368244	0.139895	0.128878	0.309521	0	0	0	0.039213	0	0.254776	0	0.107304	0	0	0.200086	0.170638	0.195751	0.0946923	0.154986	
0.233876	0.205889	0.175414	0.216834	0	0.156148	0.131165	0.0936545	0.24475	0.0995836	0.0164541	0.38693	0.1185	0.131688	0.336066	0	0	0	0.0360211	0	0.236066	0.0296438	0.0870348	0	0	0.220954	0.201341	0.227682	0.0650918	0.165248	
0.202119	0.238314	0.219885	0.228855	0	0.142843	0.161908	0.0817282	0.269518	0.130852	0.0631	0.403306	0.101623	0.135295	0.361607	0	0	0.00840951	0.0347561	0	0.219751	0.0734493	0.0708945	0.0048155	0	0.241684	0.233642	0.260955	0.0376255	0.17769	
0.172801	0.269531	0.263789	0.244097	0	0.131821	0.195269	0.0730835	0.296011	0.16311	0.112445	0.417091	0.0895551	0.139636	0.385708	0	0	0.0396773	0.0354396	0	0.20611	0.118458	0.0591593	0.0320102	0.0195055	0.261919	0.266987	0.295002	0.0127632	0.192097	
0.146424	0.299005	0.306375	0.262298	0	0.123271	0.230678	0.0678683	0.323777	0.195806	0.163646	0.42805	0.0825015	0.144638	0.407956	0	0	0.0713001	0.03806	0	0.195377	0.163901	0.0520299	0.0613983	0.0670366	0.281315	0.300807	0.329241	0	0.208224	
0.123438	0.326231	0.346913	0.283146	0.00795845	0.11734	0.267529	0.0661719	0.352342	0.228381	0.215826	0.435996	0.080583	0.150214	0.42797	0	0	0.102737	0.0425724	0	0.187735	0.209	0.0496283	0.0924771	0.116648	0.29954	0.334523	0.363085	0	0.225794	
0.104237	0.350744	0.384711	0.306286	0.0295178	0.114128	0.305191	0.0680233	0.381216	0.260277	0.268092	0.440792	0.0838327	0.15627	0.445408	0	0	0.13345	0.0488995	0.00925598	0.183316	0.252983	0.0519956	0.124715	0.167492	0.316281	0.367558	0.395955	0	0.244508	
0.0891489	0.372125	0.419122	0.331322	0.0540378	0.113691	0.343021	0.0733908	0.409904	0.290949	0.319551	0.442357	0.0921948	0.162702	0.459971	0	0	0.162913	0.0569333	0.0458931	0.182194	0.295098	0.0590914	0.15756	0.218697	0.331252	0.399347	0.427289	0	0.264044	
0.0784329	0.390008	0.449556	0.357824	0.081099	0.116036	0.380371	0.0821826	0.437917	0.319871	0.36932	0.440663	0.105526	0.169399	0.471411	0	0	0.190623	0.0665361	0.0862598	0.18439	0.334625	0.0707941	0.19045	0.269388	0.344197	0.429345	0.45655	0	0.284069	
0.0722718	0.404086	0.475494	0.385339	0.110238	0.121123	0.416601	0.0942483	0.464775	0.346549	0.41655	0.435739	0.123599	0.176247	0.479531	0	0.00280993	0.216105	0.0775436	0.129666	0.189864	0.370886	0.0869036	0.222822	0.318698	0.354894	0.457039	0.483239	0	0.30424	
0.0707712	0.414119	0.496491	0.413398	0.140957	0.128866	0.451092	0.109381	0.490019	0.370526	0.460432	0.427671	0.146104	0.183129	0.484193	0	0.0429259	0.238923	0.0897676	0.175368	0.198525	0.403262	0.107144	0.254124	0.365782	0.363161	0.481957	0.506898	0	0.324211	
0.0739566	0.419936	0.512188	0.441519	0.17273	0.13913	0.483254	0.127323	0.513216	0.391393	0.500215	0.416595	0.172656	0.189927	0.485316	0	0.0854044	0.258687	0.102999	0.222584	0.210223	0.431198	0.13117	0.283818	0.409835	0.368856	0.50367	0.527123	0	0.343642	
0.0817736	0.421436	0.522316	0.469221	0.205013	0.151742	0.512536	0.147766	0.533969	0.408791	0.535219	0.402701	0.202801	0.196525	0.482882	0	0.129519	0.275059	0.117011	0.270507	0.224758	0.454217	0.158569	0.311397	0.450103	0.371881	0.521808	0.543567	0	0.362199	
0.0940884	0.418594	0.526703	0.496031	0.237254	0.166485	0.538437	0.170361	0.551924	0.422424	0.564843	0.386228	0.236022	0.20281	0.476933	0	0.174514	0.287759	0.131564	0.318316	0.241882	0.471924	0.188873	0.33639	0.485898	0.372186	0.536061	0.555949	0	0.379565	
0.11069	0.411459	0.525272	0.521489	0.268901	0.183107	0.560515	0.19472	0.566773	0.432057	0.588583	0.367457	0.271752	0.208674	0.467569	0.00575476	0.219621	0.296569	0.14641	0.365194	0.261302	0.484017	0.221563	0.358367	0.516606	0.369763	0.546184	0.564058	0	0.395443	
0.131295	0.400152	0.51805	0.545161	0.299414	0.201324	0.578391	0.220429	0.578263	0.437528	0.606031	0.346708	0.309379	0.214017	0.454952	0.0509515	0.264067	0.301338	0.161293	0.410338	0.282685	0.490289	0.256081	0.376954	0.541703	0.364656	0.552005	0.567754	0.0109503	0.409562	
0.155551	0.384867	0.505158	0.56664	0.328268	0.220823	0.59176	0.247045	0.586196	0.43874	0.616888	0.324338	0.34826	0.218748	0.439296	0.0994827	0.307091	0.301985	0.17596	0.452976	0.305665	0.490632	0.291835	0.391833	0.560759	0.356951	0.553423	0.566975	0.0355914	0.421679	
0.183042	0.365867	0.486818	0.585561	0.354972	0.241271	0.600392	0.274115	0.590437	0.435675	0.62097	0.300729	0.387728	0.222786	0.420871	0.150518	0.347959	0.298499	0.19016	0.492378	0.32985	0.485041	0.328214	0.402748	0.573448	0.34678	0.550415	0.561733	0.0628714	0.431588	
0.213298	0.343475	0.463344	0.601598	0.379068	0.262319	0.604141	0.301174	0.590913	0.428384	0.618206	0.276285	0.427109	0.226061	0.399991	0.203184	0.38597	0.29094	0.203649	0.52787	0.354826	0.473612	0.364595	0.409514	0.579552	0.334318	0.543031	0.552118	0.0923236	0.439118	
0.245801	0.318075	0.435136	0.614477	0.400144	0.283606	0.602941	0.32776	0.587617	0.416992	0.608644	0.251423	0.465729	0.228518	0.377014	0.25658	0.420474	0.279437	0.216197	0.558846	0.380165	0.456539	0.400355	0.412013	0.578968	0.319777	0.531399	0.538296	0.123444	0.444141	
0.279996	0.290101	0.402679	0.623979	0.417839	0.304768	0.596814	0.353419	0.580604	0.401694	0.592446	0.226571	0.502928	0.230114	0.352332	0.309792	0.450881	0.264186	0.227588	0.584774	0.405433	0.434115	0.434884	0.410204	0.571706	0.303406	0.515717	0.520501	0.1557	0.446571	
0.315297	0.260033	0.366527	0.62994	0.43185	0.325442	0.585865	0.37771	0.569994	0.382752	0.569891	0.202152	0.538068	0.230822	0.326369	0.36191	0.47667	0.245449	0.237629	0.605212	0.430198	0.406723	0.467589	0.404118	0.557889	0.285486	0.496254	0.49904	0.18854	0.446367	
0.3511	0.228384	0.327299	0.632258	0.441938	0.345276	0.57028	0.400218	0.55597	0.36049	0.541365	0.178584	0.570548	0.230631	0.299567	0.412041	0.4974	0.223546	0.246147	0.619809	0.454038	0.374833	0.497913	0.393858	0.537754	0.266323	0.473342	0.474278	0.221402	0.443532	
0.386792	0.195696	0.285665	0.630895	0.44793	0.36393	0.550326	0.420559	0.53877	0.335288	0.507354	0.156272	0.599813	0.229543	0.272387	0.459329	0.512717	0.198852	0.252997	0.628316	0.476542	0.33899	0.525334	0.3796	0.511645	0.246245	0.447374	0.446641	0.253724	0.438114	
0.421764	0.162529	0.242339	0.625872	0.449723	0.381084	0.526346	0.438383	0.51869	0.307579	0.468442	0.135595	0.625362	0.227577	0.245292	0.502964	0.522358	0.171789	0.258061	0.630587	0.497328	0.299807	0.549386	0.361589	0.48001	0.225595	0.418794	0.416599	0.284952	0.430206	
0.455416	0.12945	0.198062	0.617277	0.447288	0.396445	0.498748	0.453387	0.496073	0.277835	0.425294	0.11691	0.646757	0.224766	0.218747	0.542199	0.526159	0.142821	0.261253	0.626584	0.516038	0.257955	0.569655	0.340132	0.44339	0.204727	0.388091	0.384669	0.314552	0.419944	
0.487173	0.0970247	0.15359	0.605255	0.440665	0.40975	0.468006	0.465314	0.471306	0.246567	0.378648	0.100534	0.663634	0.221159	0.193205	0.576363	0.524054	0.112443	0.262518	0.616374	0.532353	0.21415	0.585795	0.315596	0.40241	0.183997	0.355791	0.351395	0.342019	0.407503	
0.516491	0.0658083	0.109686	0.590014	0.429968	0.420772	0.434644	0.473958	0.444813	0.214309	0.329302	0.0867485	0.675702	0.216818	0.169104	0.604872	0.516079	0.0811757	0.261835	0.600133	0.545994	0.16914	0.59753	0.288401	0.357773	0.163762	0.322445	0.317348	0.366881	0.393096	
0.542868	0.0363347	0.0671007	0.571813	0.415379	0.429322	0.399235	0.479174	0.417046	0.181613	0.278102	0.0757892	0.682756	0.211816	0.146856	0.627237	0.502371	0.0495529	0.259214	0.578139	0.556727	0.123698	0.60466	0.259013	0.310242	0.144366	0.288625	0.28311	0.388714	0.376969	
0.565854	0.00910827	0.026562	0.550964	0.39715	0.435254	0.362384	0.48087	0.388482	0.149038	0.225922	0.0678435	0.684674	0.20624	0.126842	0.643077	0.483165	0.0181162	0.254702	0.550767	0.564368	0.0785987	0.607061	0.227934	0.26063	0.126141	0.254909	0.249266	0.407143	0.359398	
0.585055	0	0	0.527824	0.37559	0.438465	0.324722	0.479019	0.359608	0.117142	0.173656	0.0630474	0.681425	0.200184	0.109404	0.65212	0.458789	0	0.248375	0.518486	0.568788	0.0346155	0.604694	0.195696	0.209787	0.1094	0.221874	0.216396	0.421854	0.340685	
